 starting MPI with 2 processes
 dot-product = 1.666666666667e+00
     runtime = 2.199101448059e-02
