 starting MPI with 16 processes
 dot-product = 1.666666666667e+00
     runtime = 3.432989120483e-03
