 starting MPI with 1 processes
 dot-product = 1.666666666667e+00
     runtime = 4.266214370728e-02
