 starting MPI with 64 processes
 dot-product = 1.666666666667e+00
     runtime = 7.400989532471e-03
