 starting MPI with 4 processes
 dot-product = 1.666666666667e+00
     runtime = 1.186895370483e-02
