 starting MPI with 32 processes
 dot-product = 1.666666666667e+00
     runtime = 2.493858337402e-03
