 starting MPI with 8 processes
 dot-product = 1.666666666667e+00
     runtime = 1.016902923584e-02
