 starting MPI with 8 processes
 dot-product = 1.666666666667e+00
     runtime = 5.841016769409e-03
